>Junggar_Basin
86.199458 45.561179
85.712105 45.256140
85.010419 45.035241
84.791856 44.759883
85.176846 44.288569
85.909621 44.156665
86.918100 44.215969
87.548798 44.147247
88.407407 44.244031
89.064763 44.178910
89.561779 44.179432
89.743682 44.170679
90.028889 44.419797
89.825210 44.651991
88.684374 45.235185
87.823061 45.995849
87.179095 46.023302
86.272362 45.607837
86.199458 45.561179
>Qaidam Basin 
93.04288913131541 38.9037028246646
93.10262379014532 38.867450969861
93.35347348980734 38.80767760880689
93.47225222727479 38.73489439742308
93.58738730845251 38.68281192741004
93.6760427866791 38.62823460261925
93.76777950348173 38.55291907502706
93.88546587165261 38.480016334845
93.9996993253712 38.42770829679458
94.11684309142606 38.35463404823595
94.2275414788428 38.32282295687
94.34114721207536 38.27027628339611
94.46352559170374 38.15565576124524
94.54464604411672 38.14195002323491
94.69236670881128 38.02949232756893
94.80211388267693 37.99725333292066
94.85408920311735 38.00174417455447
95.08157560368547 37.87550822757301
95.16770715640483 37.82043974681297
95.33411123293511 37.75119159923536
95.39669433578356 37.67332799841821
95.48230369825109 37.61806485805941
95.59095842755077 37.58534723399332
95.75144604711247 37.55717684835376
95.91194170356908 37.52893027386413
96.02309936592147 37.47575815521519
96.07487415040117 37.47992715376743
96.24009912859617 37.41014521621309
96.32018298286125 37.39570213526822
96.45439499835706 37.36463625846159
96.53201358337293 37.3705545414035
96.69194573680342 37.34110913602031
96.84951628034115 37.33201140390246
96.92717768305401 37.33767008518975
97.08706235621618 37.30775675108635
97.13894265534663 37.31149970254621
97.29894644123388 37.28143062311535
97.43293146525598 37.24933543530423
97.53675051788633 37.25649505366891
97.64266083370354 37.24296550017128
97.72460950134803 37.20700316643909
97.85843488987571 37.17441883697254
97.9884404546082 37.18296762228375
98.10005611850303 37.10719606482269
98.16138618962603 37.00739102630564
98.22070690200071 36.92818288727147
98.25399052845297 36.84732437730324
98.31308680127219 36.76807557133657
98.32033634230319 36.68560456522678
98.37925252910097 36.60634338213452
98.41417495283227 36.50491259397741
98.47324233013786 36.42571130230165
98.48243063184916 36.32275644230089
98.46396517704505 36.23883051327025
98.4198345049525 36.1533546305782
98.32273560986438 36.0853363276869
98.19832968512279 36.03623936568356
98.07027186411901 36.02816633669253
97.94229448828391 36.01995921032653
97.84002700746143 36.01331066584697
97.71235234561992 36.00489849793617
97.55515402069936 36.03572302452546
97.4020589221945 36.02524991345992
97.32555113413831 36.01994226232729
97.19167155735447 36.07258629681557
97.06201055009214 36.08401077877541
96.95796904362999 36.09718884632623
96.87717922214577 36.13268113464772
96.69448765455063 36.16055555499121
96.59038332315886 36.17342745767584
96.43536653349331 36.18230426722979
96.38211535311351 36.19889136775403
96.22466010263264 36.22800093206796
96.14589990994877 36.24247632483157
95.96287840090858 36.26921224831192
95.93494397555203 36.28764691644958
95.75688818924297 36.27306968788493
95.65520166435277 36.26462126745912
95.52304982618227 36.29500944031201
95.39346741518447 36.30480226257431
95.2665199031871 36.29396145395605
95.16499042252461 36.28518951226501
95.06074848122577 36.29680311091465
94.95647746318916 36.30832616830077
94.82680165754032 36.31748621514004
94.69710044997925 36.3265051665251
94.56737627533259 36.33538343305194
94.46299914998384 36.34647526598214
94.3615347039302 36.33702516347057
94.25713762513337 36.34793852398273
94.14970705818948 36.37923884758308
94.01679808349922 36.40803591538111
93.91223317637274 36.41870181715446
93.83301585487055 36.4317524029895
93.67449441652668 36.45769744141192
93.56664035016935 36.48850449521814
93.45869400996017 36.51921608220826
93.35388572251827 36.52939664023386
93.22038685391674 36.55731709965035
93.1441848597287 36.54948314453888
93.03595461359599 36.57983398577912
92.93099032996136 36.5896560634283
92.80054952013272 36.59672786996962
92.66290365566863 36.64472326218486
92.55402795440961 36.67483363984507
92.44147510948 36.72532158365615
92.33592094116356 36.734785371432
92.19754406970785 36.7823064079242
92.05893926121153 36.82968508228898
91.94565679187932 36.87976900688645
91.74789383325127 36.96209509286042
91.61229100113604 36.98856470628558
91.4431521275035 37.05290548700032
91.328561209719 37.10267907922795
91.18382753112094 37.17000444692747
91.0645307072771 37.24018593356659
90.91907715167268 37.3072963652928
90.80327166724956 37.35679174976264
90.73490010186809 37.43280316783694
90.64881686458814 37.46470032214003
90.48057515846105 37.50781424418876
90.30339414172629 37.59179021022712
90.19076907947995 37.62028225343524
90.06921639618622 37.68976466370628
89.97777742888866 37.74186254939841
89.85973144996143 37.79086430102833
89.81554259433902 37.8699374889143
89.77123771635422 37.94902987949732
89.83592285921155 38.02058628665267
89.92689999046769 38.09534940205199
90.08435277426723 38.11433364729919
90.15833516272365 38.14452932878603
90.258577815774 38.17782070937265
90.34990830897185 38.25241150518384
90.50731203901707 38.2710075085085
90.63409583201368 38.30704147717894
90.71283626463524 38.31616722724636
90.8354259667651 38.37268228031776
90.94049871464654 38.38464834614373
91.14662035064704 38.42885430893601
91.24349943484683 38.48186416144591
91.31832057476657 38.51120582968613
91.44574561607443 38.54631159184877
91.54672474188064 38.57864823319586
91.67006038826781 38.63448722569882
91.79756646815321 38.6694676391657
91.81990959980484 38.69303313104897
91.9212539913695 38.72504342781511
92.09784318151928 38.78603333566727
92.1994282579512 38.81779774843267
92.33120171237805 38.83152733384347
92.43660713776515 38.84245456657136
92.59474871434178 38.85866718538868
92.69655423557998 38.89008461703409
92.79844688538968 38.92141400022174
92.95669827126095 38.93730472140436
93.03584024245336 38.94517669605076
 
>Songliao Basin 
127.600 45.000
126.000 44.000
125.000 43.500
123.000 43.100
121.000 43.000
120.600 43.600
121.000 44.100
122.200 45.400
123.300 46.600
125.000 48.600
126.000 48.500
127.000 48.000
128.000 47.000
128.400 46.300
128.200 45.800
127.600 45.000
>Tarim_Basin
89.085695 39.887265
89.931018 40.115461
90.361141 40.382883
91.482217 40.824271
91.816333 41.004828
91.803089 41.096434
90.698095 41.349321
90.013244 41.476622
89.156336 41.510889
88.453648 41.549839
88.126236 41.557147
87.689958 41.635370
85.818735 42.046784
83.864582 42.188048
81.419892 42.055776
80.039119 41.810781
78.769036 41.346173
76.789890 40.353916
75.095886 39.880044
74.879274 39.863804
74.733873 39.838788
74.283851 39.608487
74.757754 39.478891
75.674840 39.006321
76.138565 38.487134
76.677423 37.584828
77.175539 37.173059
77.614944 36.981227
78.661683 36.828034
79.169046 36.654949
79.998619 36.625993
80.418079 36.595398
80.808694 36.578823
81.432953 36.725295
84.900021 38.291804
86.966031 39.095600
88.293900 39.590881
88.756808 39.683562
89.085695 39.887265
> Sichuan Basin (Huang Hui)
105.583000 32.100600
105.750000 32.112900
105.819000 32.083300
105.859000 31.916700
105.917000 31.858600
106.083000 31.774500
106.250000 31.795500
106.417000 31.847100
106.500000 31.916700
106.583000 31.942600
106.750000 32.072400
106.917000 32.053600
107.083000 31.993800
107.250000 31.941100
107.417000 31.951500
107.583000 31.936500
107.750000 31.938600
107.833000 31.916700
107.778000 31.750000
107.750000 31.722300
107.583000 31.666700
107.417000 31.666700
107.333000 31.583300
107.417000 31.541700
107.583000 31.541700
107.708000 31.416700
107.750000 31.333300
107.792000 31.250000
107.917000 31.180400
108.083000 31.133800
108.250000 31.208300
108.292000 31.250000
108.417000 31.312500
108.542000 31.250000
108.583000 31.166700
108.611000 31.083300
108.750000 30.973600
108.859000 30.916700
108.750000 30.808800
108.652000 30.750000
108.583000 30.733400
108.417000 30.698400
108.289000 30.583300
108.250000 30.521100
108.167000 30.416700
108.083000 30.364800
107.921000 30.250000
108.025000 30.083300
108.083000 29.948700
108.250000 29.927000
108.250000 29.888900
108.083000 29.902800
107.917000 29.881000
107.750000 29.833500
107.583000 29.766600
107.556000 29.750000
107.417000 29.611700
107.374000 29.583300
107.250000 29.333000
107.083000 29.318500
107.039000 29.250000
107.000000 29.083300
106.917000 29.014000
106.819000 28.916700
106.750000 28.791700
106.612000 28.750000
106.583000 28.661100
106.417000 28.605200
106.250000 28.635200
106.083000 28.666700
106.042000 28.583300
105.917000 28.458300
105.833000 28.416700
105.750000 28.333300
105.667000 28.250000
105.750000 28.074500
105.583000 28.073700
105.417000 28.074100
105.375000 28.083300
105.250000 28.208300
105.208000 28.250000
105.083000 28.333300
104.917000 28.309900
104.791000 28.250000
104.833000 28.083300
104.750000 28.069500
104.583000 28.047700
104.417000 28.069500
104.375000 28.083300
104.375000 28.250000
104.417000 28.333300
104.500000 28.416700
104.417000 28.431500
104.250000 28.486000
104.083000 28.566700
104.062000 28.583300
104.083000 28.625000
104.166000 28.750000
104.083000 28.799900
103.917000 28.888900
103.900000 28.916700
103.750000 29.010400
103.633000 29.083300
103.598000 29.250000
103.583000 29.268100
103.494000 29.416700
103.419000 29.583300
103.417000 29.590300
103.319000 29.750000
103.250000 29.846000
103.210000 29.916700
103.083000 30.055200
103.064000 30.083300
103.083000 30.181200
103.104000 30.250000
103.238000 30.416700
103.250000 30.444300
103.330000 30.583300
103.417000 30.724000
103.443000 30.750000
103.583000 30.911200
103.589000 30.916700
103.750000 31.066100
103.766000 31.083300
103.875000 31.250000
103.917000 31.277900
104.073000 31.416700
104.083000 31.430500
104.214000 31.583300
104.250000 31.633600
104.417000 31.720200
104.474000 31.750000
104.583000 31.804600
104.750000 31.829500
104.917000 31.903400
104.935000 31.916700
105.083000 32.026200
105.250000 32.041700
105.417000 32.058100
105.540000 32.083300
105.583000 32.100600
>
